image: IMS_map.png
resolution: 0.06367
origin: [-37.9,39.3, -1.570796327]
negate: 0
occupied_thresh: 0.45
free_thresh: 0.196